Height	B.Reward	Coin Emitted	Emission(%)	Days	Years
0000000	160000000.00000000	160000000.0	18.00	0000	0.0
0043830	340.00000000	173149040.0	19.48	0121	0.33
0087660	400.00000000	188051300.0	21.16	0243	0.67
0131490	470.00000000	205583370.0	23.13	0365	1.0
0175320	540.00000000	226183540.0	25.45	0487	1.33
0219150	630.00000000	249851830.0	28.11	0608	1.66
0262980	730.00000000	277464830.0	31.21	0730	2.0
0306810	840.00000000	309460840.0	34.81	0852	2.33
0350640	960.00000000	346278160.0	38.96	0974	2.67
0394470	1090.00000000	388355090.0	43.69	1095	3.0
0438300	1230.00000000	436129930.0	49.06	1217	3.33
0482130	1390.00000000	490040990.0	55.13	1339	3.67
0525960	1550.00000000	550964850.0	61.98	1461	4.0
0569790	510.00000000	618900310.0	69.63	1582	4.33
0613620	470.00000000	641253570.0	72.14	1704	4.67
0657450	430.00000000	661853630.0	74.46	1826	5.0
0701280	390.00000000	680700490.0	76.58	1948	5.33
0745110	360.00000000	697794160.0	78.50	2069	5.66
0788940	330.00000000	713572930.0	80.28	2191	6.0
0832770	300.00000000	728036800.0	81.90	2313	6.33
0876600	280.00000000	741185780.0	83.38	2435	6.67
0920430	250.00000000	753458150.0	84.76	2556	7.0
0964260	230.00000000	764415630.0	86.00	2678	7.33
1008090	210.00000000	774496510.0	87.13	2800	7.67
1051920	200.00000000	783700800.0	88.17	2922	8.0
1095750	180.00000000	792466780.0	89.15	3043	8.33
1139580	160.00000000	800356160.0	90.04	3165	8.67
1183410	150.00000000	807368950.0	90.83	3287	9.0
1227240	140.00000000	813943440.0	91.57	3409	9.33
1271070	130.00000000	820079630.0	92.26	3530	9.66
1314900	120.00000000	825777520.0	92.90	3652	10.0
1358730	110.00000000	831037110.0	93.49	3774	10.33
1402560	100.00000000	835858400.0	94.03	3896	10.67
1446390	90.00000000	840241390.0	94.53	4017	11.0
1490220	80.00000000	844186080.0	94.97	4139	11.33
1534050	70.00000000	847692470.0	95.37	4261	11.67
1577880	70.00000000	850760570.0	95.71	4383	12.0
1621710	60.00000000	853828660.0	96.06	4504	12.33
1665540	60.00000000	856458460.0	96.35	4626	12.67
1709370	50.00000000	859088250.0	96.65	4748	13.0
1753200	50.00000000	861279750.0	96.89	4870	13.33
1797030	40.00000000	863471240.0	97.14	4991	13.66
1840860	40.00000000	865224440.0	97.34	5113	14.0
1884690	40.00000000	866977640.0	97.53	5235	14.33
1928520	30.00000000	868730830.0	97.73	5357	14.67
1972350	30.00000000	870045730.0	97.88	5478	15.0
2016180	30.00000000	871360630.0	98.03	5600	15.33
2060010	30.00000000	872675530.0	98.18	5722	15.67
2103840	20.00000000	873990420.0	98.32	5844	16.0
2147670	20.00000000	874867020.0	98.42	5965	16.33
2191500	20.00000000	875743620.0	98.52	6087	16.67
2235330	20.00000000	876620220.0	98.62	6209	17.0
2279160	20.00000000	877496820.0	98.72	6331	17.33
2322990	20.00000000	878373420.0	98.82	6452	17.66
2366820	10.00000000	879250010.0	98.92	6574	18.0
2410650	10.00000000	879688310.0	98.96	6696	18.33
2454480	10.00000000	880126610.0	99.01	6818	18.67
2498310	10.00000000	880564910.0	99.06	6939	19.0
2542140	10.00000000	881003210.0	99.11	7061	19.33
2585970	10.00000000	881441510.0	99.16	7183	19.67
2629800	10.00000000	881879810.0	99.21	7305	20.0
2673630	10.00000000	882318110.0	99.26	7426	20.33
2717460	10.00000000	882756410.0	99.31	7548	20.67
2761290	10.00000000	883194710.0	99.36	7670	21.0
2805120	10.00000000	883633010.0	99.41	7792	21.33
2848950	4.00000000	884071304.0	99.46	7913	21.66
2892780	4.00000000	884246624.0	99.48	8035	22.0
2936610	4.00000000	884421944.0	99.50	8157	22.33
2980440	4.00000000	884597264.0	99.52	8279	22.67
3024270	4.00000000	884772584.0	99.54	8400	23.0
3068100	4.00000000	884947904.0	99.56	8522	23.33
3111930	4.00000000	885123224.0	99.58	8644	23.67
3155760	4.00000000	885298544.0	99.60	8766	24.0
3199590	4.00000000	885473864.0	99.62	8887	24.33
3243420	4.00000000	885649184.0	99.64	9009	24.67
3287250	4.00000000	885824504.0	99.66	9131	25.0
3331080	4.00000000	885999824.0	99.67	9253	25.33
3374910	4.00000000	886175144.0	99.69	9374	25.66
3418740	4.00000000	886350464.0	99.71	9496	26.0
3462570	4.00000000	886525784.0	99.73	9618	26.33
3506400	4.00000000	886701104.0	99.75	9740	26.67
3550230	4.00000000	886876424.0	99.77	9861	27.0
3594060	4.00000000	887051744.0	99.79	9983	27.33
3637890	4.00000000	887227064.0	99.81	10105	27.67
3681720	4.00000000	887402384.0	99.83	10227	28.0
3725550	4.00000000	887577704.0	99.85	10348	28.33
3769380	4.00000000	887753024.0	99.87	10470	28.67
3813210	4.00000000	887928344.0	99.89	10592	29.0
3857040	4.00000000	888103664.0	99.91	10714	29.33
3900870	4.00000000	888278984.0	99.93	10835	29.66
3944700	4.00000000	888454304.0	99.95	10957	30.0
3988530	4.00000000	888629624.0	99.97	11079	30.33
4032360	4.00000000	888804944.0	99.99	11201	30.67
4053347	0.40000000	888888888.0	100.00	11259	30.83



Height	B.Reward	Coin Emitted	Emission(%)	Days	Years
0000000	160000000.00000000	160000000.0	18.00	0000	0.0
0087660	400.00000000	188051300.0	21.16	0243	0.67
0175320	540.00000000	226183540.0	25.45	0487	1.33
0262980	730.00000000	277464830.0	31.21	0730	2.0
0350640	960.00000000	346278160.0	38.96	0974	2.67
0438300	1230.00000000	436129930.0	49.06	1217	3.33
0525960	1550.00000000	550964850.0	61.98	1461	4.0
0613620	470.00000000	641253570.0	72.14	1704	4.67
0701280	390.00000000	680700490.0	76.58	1948	5.33
0788940	330.00000000	713572930.0	80.28	2191	6.0
0876600	280.00000000	741185780.0	83.38	2435	6.67
0964260	230.00000000	764415630.0	86.00	2678	7.33
1051920	200.00000000	783700800.0	88.17	2922	8.0
1139580	160.00000000	800356160.0	90.04	3165	8.67
1227240	140.00000000	813943440.0	91.57	3409	9.33
1314900	120.00000000	825777520.0	92.90	3652	10.0
1402560	100.00000000	835858400.0	94.03	3896	10.67
1490220	80.00000000	844186080.0	94.97	4139	11.33
1577880	70.00000000	850760570.0	95.71	4383	12.0
1665540	60.00000000	856458460.0	96.35	4626	12.67
1753200	50.00000000	861279750.0	96.89	4870	13.33
1840860	40.00000000	865224440.0	97.34	5113	14.0
1928520	30.00000000	868730830.0	97.73	5357	14.67
2016180	30.00000000	871360630.0	98.03	5600	15.33
2103840	20.00000000	873990420.0	98.32	5844	16.0
2191500	20.00000000	875743620.0	98.52	6087	16.67
2279160	20.00000000	877496820.0	98.72	6331	17.33
2366820	10.00000000	879250010.0	98.92	6574	18.0
2454480	10.00000000	880126610.0	99.01	6818	18.67
2542140	10.00000000	881003210.0	99.11	7061	19.33
2629800	10.00000000	881879810.0	99.21	7305	20.0
2717460	10.00000000	882756410.0	99.31	7548	20.67
2805120	10.00000000	883633010.0	99.41	7792	21.33
2892780	4.00000000	884246624.0	99.48	8035	22.0
2980440	4.00000000	884597264.0	99.52	8279	22.67
3068100	4.00000000	884947904.0	99.56	8522	23.33
3155760	4.00000000	885298544.0	99.60	8766	24.0
3243420	4.00000000	885649184.0	99.64	9009	24.67
3331080	4.00000000	885999824.0	99.67	9253	25.33
3418740	4.00000000	886350464.0	99.71	9496	26.0
3506400	4.00000000	886701104.0	99.75	9740	26.67
3594060	4.00000000	887051744.0	99.79	9983	27.33
3681720	4.00000000	887402384.0	99.83	10227	28.0
3769380	4.00000000	887753024.0	99.87	10470	28.67
3857040	4.00000000	888103664.0	99.91	10714	29.33
3944700	4.00000000	888454304.0	99.95	10957	30.0
4032360	4.00000000	888804944.0	99.99	11201	30.67
4053347	0.40000000	888888888.0	100.00	11259	30.83
